LBP_0,LBP_1,LBP_2,LBP_3,LBP_4,LBP_5,LBP_6,LBP_7,LBP_8,LBP_9,LBP_10,LBP_11,LBP_12,LBP_13,LBP_14,LBP_15,LBP_16,LBP_17
0.412328,0.02889,0.014731,0.014397,0.009392,0.008963,0.009201,0.016209,0.020118,0.012967,0.010107,0.008677,0.009201,0.011632,0.013492,0.028223,0.027603,0.343869
0.509913,0.026938,0.013602,0.010313,0.005912,0.006801,0.007424,0.013514,0.020004,0.01098,0.007201,0.005112,0.006268,0.011513,0.013602,0.023026,0.023871,0.284006
0.497003,0.022572,0.014205,0.01401,0.01004,0.009885,0.011286,0.015917,0.020898,0.013309,0.009729,0.007783,0.008717,0.010663,0.013115,0.021132,0.023467,0.276269
0.520794,0.02123,0.014484,0.013492,0.010675,0.012262,0.012619,0.017778,0.026032,0.015595,0.012063,0.011151,0.01004,0.013413,0.011468,0.017817,0.02123,0.237857
0.51457,0.020576,0.010877,0.015625,0.011648,0.01457,0.017938,0.02358,0.036404,0.019521,0.014651,0.012256,0.010552,0.013068,0.009659,0.016396,0.019237,0.218872
0.335262,0.024354,0.019199,0.022803,0.021211,0.024899,0.030349,0.045272,0.060865,0.037098,0.023139,0.01857,0.015007,0.016432,0.011024,0.017312,0.021169,0.256036
0.463636,0.019167,0.016174,0.018864,0.016477,0.019924,0.023864,0.034242,0.04303,0.029659,0.01697,0.014015,0.012197,0.015758,0.00947,0.013636,0.013182,0.219735
0.272039,0.021053,0.016118,0.021382,0.020066,0.032895,0.032237,0.062829,0.082566,0.044737,0.021711,0.020395,0.012171,0.015132,0.013158,0.024013,0.019408,0.268092
0.422492,0.018634,0.012288,0.018685,0.017526,0.0209,0.031326,0.047341,0.057363,0.036563,0.0209,0.016066,0.012742,0.013548,0.010022,0.012641,0.014353,0.21661
0.398174,0.019481,0.014367,0.023945,0.019521,0.023336,0.029221,0.049269,0.067695,0.039286,0.025933,0.02017,0.014123,0.018385,0.011201,0.014448,0.0153,0.196144
0.497003,0.022572,0.014205,0.01401,0.01004,0.009885,0.011286,0.015917,0.020898,0.013309,0.009729,0.007783,0.008717,0.010663,0.013115,0.021132,0.023467,0.276269
0.509913,0.026938,0.013602,0.010313,0.005912,0.006801,0.007424,0.013514,0.020004,0.01098,0.007201,0.005112,0.006268,0.011513,0.013602,0.023026,0.023871,0.284006
0.513111,0.020677,0.011513,0.009727,0.007049,0.008271,0.011513,0.023825,0.036231,0.021053,0.011795,0.008459,0.007284,0.008694,0.01015,0.019267,0.020301,0.251081
0.594669,0.011121,0.009835,0.011489,0.009881,0.012776,0.017371,0.034283,0.052206,0.029366,0.015165,0.010386,0.007812,0.009835,0.007767,0.010754,0.010708,0.144577
0.553864,0.024167,0.01197,0.009508,0.00553,0.006288,0.006402,0.011932,0.017576,0.01197,0.006061,0.006742,0.005682,0.010189,0.01178,0.020606,0.021629,0.258106
0.412328,0.02889,0.014731,0.014397,0.009392,0.008963,0.009201,0.016209,0.020118,0.012967,0.010107,0.008677,0.009201,0.011632,0.013492,0.028223,0.027603,0.343869
0.547854,0.017681,0.011575,0.013411,0.013022,0.014293,0.017045,0.021986,0.03095,0.018175,0.012069,0.012281,0.010093,0.012034,0.009705,0.015387,0.015528,0.20691
0.525194,0.019886,0.011775,0.013756,0.011102,0.012747,0.015214,0.020634,0.025344,0.018615,0.013046,0.011102,0.008597,0.01028,0.01013,0.016709,0.015999,0.23987
0.507284,0.020912,0.013432,0.01727,0.012022,0.014137,0.014294,0.022517,0.032229,0.017309,0.013589,0.012022,0.012296,0.01586,0.010143,0.018092,0.020246,0.226347
0.412328,0.02889,0.014731,0.014397,0.009392,0.008963,0.009201,0.016209,0.020118,0.012967,0.010107,0.008677,0.009201,0.011632,0.013492,0.028223,0.027603,0.343869
0.435308,0.026283,0.014785,0.015415,0.011101,0.012803,0.015182,0.020616,0.032976,0.022318,0.015229,0.013246,0.01257,0.015089,0.014179,0.020779,0.020103,0.28202
0.472253,0.016346,0.014057,0.017697,0.01527,0.018361,0.02152,0.034501,0.055655,0.036218,0.022894,0.018017,0.015179,0.016827,0.010852,0.014263,0.016232,0.18386
0.375447,0.02032,0.015352,0.01873,0.015799,0.017364,0.025238,0.031995,0.051893,0.041112,0.030132,0.02422,0.017687,0.017687,0.013687,0.018507,0.020494,0.244336
0.400845,0.025029,0.01655,0.01757,0.014103,0.014452,0.017424,0.024971,0.035286,0.021882,0.014627,0.012238,0.012267,0.015152,0.014307,0.023397,0.021125,0.298776
0.396102,0.019564,0.013614,0.018354,0.01722,0.020069,0.027405,0.041625,0.050978,0.041751,0.029649,0.021354,0.016388,0.016211,0.011068,0.015657,0.016615,0.226377
0.470602,0.014699,0.010359,0.014236,0.014988,0.019618,0.023669,0.034259,0.042998,0.036632,0.026042,0.017188,0.012558,0.012211,0.010301,0.013889,0.016146,0.209606
0.230373,0.020871,0.015498,0.024378,0.022342,0.024321,0.037613,0.060549,0.0819,0.058314,0.038518,0.025735,0.01957,0.019514,0.012641,0.017223,0.01759,0.273049
0.240248,0.029992,0.020777,0.021794,0.018628,0.022586,0.029229,0.043843,0.053907,0.041667,0.029229,0.020155,0.017696,0.018798,0.01566,0.022869,0.026063,0.32686
0.399242,0.020362,0.016892,0.022827,0.021046,0.02059,0.029241,0.046361,0.074416,0.043485,0.024014,0.01906,0.012966,0.016321,0.010181,0.013445,0.012852,0.196699
0.323452,0.024137,0.017143,0.017262,0.015893,0.017113,0.02375,0.034673,0.052173,0.039077,0.024792,0.019226,0.015982,0.018958,0.01381,0.020506,0.02125,0.300804
0.465388,0.023115,0.014231,0.013552,0.010469,0.012071,0.014336,0.021269,0.032121,0.022088,0.014859,0.012594,0.011828,0.013517,0.011201,0.018569,0.016461,0.272331
0.462931,0.022649,0.013558,0.012853,0.009796,0.008934,0.011951,0.018691,0.02453,0.017006,0.011755,0.010188,0.010893,0.013676,0.015478,0.021434,0.024647,0.289028
0.439469,0.022802,0.0144,0.014103,0.010211,0.011035,0.015408,0.024016,0.034524,0.025687,0.017514,0.014354,0.012065,0.012866,0.01179,0.018636,0.018658,0.282463
0.497975,0.023389,0.013355,0.01058,0.005779,0.007167,0.009101,0.014152,0.02455,0.017815,0.012104,0.010671,0.008896,0.011376,0.011103,0.019681,0.018907,0.2834
0.449195,0.021903,0.013253,0.012254,0.010138,0.011533,0.014997,0.024623,0.039156,0.028134,0.018322,0.01523,0.012021,0.010417,0.01123,0.018485,0.016439,0.27267
0.494618,0.025022,0.015495,0.013563,0.009831,0.010525,0.012435,0.016905,0.021745,0.014214,0.009288,0.008724,0.008268,0.011372,0.012196,0.020833,0.022287,0.272678
0.449697,0.018415,0.013233,0.019731,0.017618,0.017857,0.024593,0.033323,0.046437,0.03691,0.023637,0.021405,0.017259,0.018136,0.010284,0.015625,0.016821,0.199019
0.458862,0.024561,0.015283,0.013013,0.010205,0.011133,0.013086,0.020898,0.030225,0.019678,0.011523,0.010352,0.008521,0.013037,0.014478,0.021045,0.019775,0.284326
0.507155,0.020066,0.014062,0.014288,0.010631,0.01255,0.01501,0.022639,0.032706,0.024332,0.017493,0.01431,0.012121,0.012347,0.01106,0.016229,0.015507,0.227496
0.422195,0.027664,0.01631,0.00996,0.00795,0.007744,0.009343,0.014003,0.019486,0.014369,0.009594,0.008361,0.008475,0.011399,0.01526,0.02595,0.026567,0.345372
0.496614,0.028448,0.01078,0.006149,0.00323,0.004125,0.003775,0.007083,0.011753,0.006421,0.003697,0.003035,0.004047,0.005643,0.011986,0.026775,0.028993,0.337446
0.491139,0.025128,0.011601,0.008947,0.006036,0.007791,0.009375,0.01143,0.018536,0.010873,0.006935,0.006036,0.006507,0.007491,0.011259,0.02256,0.023587,0.314769
0.513026,0.026699,0.010136,0.006944,0.004011,0.004745,0.00509,0.007937,0.011128,0.007721,0.005564,0.004313,0.004227,0.008411,0.011215,0.025707,0.023378,0.319746
0.532786,0.024536,0.010393,0.009321,0.005071,0.006321,0.007036,0.01025,0.01425,0.009929,0.006964,0.005,0.004893,0.007571,0.011357,0.020857,0.020214,0.29325
0.483026,0.023377,0.012763,0.011579,0.007719,0.007851,0.008816,0.01386,0.018684,0.012061,0.00943,0.007105,0.008202,0.010307,0.014035,0.024386,0.023509,0.303289
0.490341,0.025871,0.012424,0.009545,0.005909,0.007727,0.007576,0.011894,0.013902,0.009621,0.007159,0.005227,0.005758,0.00822,0.012879,0.022235,0.024129,0.319583
0.543993,0.024479,0.009618,0.005069,0.004063,0.003368,0.004479,0.006458,0.009618,0.006424,0.003993,0.004132,0.00375,0.00566,0.009444,0.024618,0.022361,0.308472
0.496704,0.024921,0.013515,0.011043,0.007021,0.007417,0.008373,0.011603,0.018064,0.011801,0.007549,0.006791,0.007516,0.009032,0.013219,0.022482,0.024558,0.298391
0.477752,0.026726,0.014832,0.009841,0.005271,0.006623,0.005457,0.010168,0.013806,0.008349,0.00569,0.005784,0.00569,0.010215,0.014739,0.028358,0.028032,0.322668
0.467281,0.025062,0.011975,0.010595,0.00641,0.007746,0.008413,0.013043,0.017762,0.011574,0.007523,0.005921,0.006277,0.008859,0.011262,0.024306,0.023193,0.332799
0.475176,0.024513,0.011609,0.010779,0.007152,0.010209,0.010365,0.013422,0.021922,0.014044,0.009225,0.008966,0.007722,0.012697,0.014407,0.022854,0.021403,0.303534
0.502702,0.018092,0.012845,0.014489,0.013471,0.015077,0.019463,0.028313,0.043977,0.027021,0.01633,0.011122,0.009908,0.012336,0.010378,0.016134,0.014059,0.214286
0.528385,0.017708,0.011458,0.01454,0.012283,0.014627,0.016884,0.025,0.035937,0.023611,0.014453,0.01059,0.009592,0.011589,0.011024,0.015755,0.017188,0.209375
0.486994,0.020818,0.012914,0.01682,0.012546,0.01443,0.015487,0.020175,0.030377,0.021415,0.014292,0.011857,0.01227,0.014752,0.01273,0.019853,0.020267,0.242004
0.555823,0.022016,0.009158,0.007631,0.005113,0.006525,0.00641,0.009348,0.013393,0.01034,0.007364,0.006334,0.00496,0.009539,0.011142,0.022054,0.019765,0.273085
0.477752,0.026726,0.014832,0.009841,0.005271,0.006623,0.005457,0.010168,0.013806,0.008349,0.00569,0.005784,0.00569,0.010215,0.014739,0.028358,0.028032,0.322668
0.464809,0.025676,0.012894,0.010529,0.008164,0.010304,0.010923,0.015822,0.027252,0.015878,0.010642,0.009797,0.007151,0.009178,0.011768,0.022016,0.021847,0.305349
0.467281,0.025062,0.011975,0.010595,0.00641,0.007746,0.008413,0.013043,0.017762,0.011574,0.007523,0.005921,0.006277,0.008859,0.011262,0.024306,0.023193,0.332799
0.537162,0.020946,0.012796,0.011867,0.00984,0.010008,0.009924,0.014316,0.021073,0.013049,0.008868,0.007855,0.006419,0.010262,0.010853,0.01875,0.018961,0.257052
0.502702,0.018092,0.012845,0.014489,0.013471,0.015077,0.019463,0.028313,0.043977,0.027021,0.01633,0.011122,0.009908,0.012336,0.010378,0.016134,0.014059,0.214286
0.46871,0.023853,0.015467,0.017563,0.011392,0.010364,0.011116,0.019976,0.036036,0.019106,0.012144,0.011116,0.010483,0.021638,0.014794,0.020886,0.027571,0.247785
0.479087,0.02246,0.016151,0.018849,0.010952,0.010873,0.01369,0.020595,0.036071,0.020714,0.014325,0.010437,0.011111,0.02,0.014643,0.021746,0.023056,0.235238
0.569468,0.020102,0.011741,0.014388,0.009964,0.00857,0.008222,0.012019,0.017802,0.010835,0.007421,0.007664,0.00749,0.01188,0.011845,0.021739,0.019788,0.229062
0.497926,0.020698,0.015918,0.013438,0.010913,0.009605,0.011409,0.016955,0.029582,0.015602,0.010011,0.010146,0.010868,0.013844,0.011454,0.021239,0.022592,0.257801
0.577897,0.022381,0.010913,0.011429,0.007897,0.007738,0.007143,0.011032,0.015,0.010159,0.006151,0.005238,0.006825,0.010159,0.011349,0.021032,0.022579,0.235079
0.405577,0.030529,0.018029,0.015144,0.008606,0.009279,0.011731,0.017163,0.027404,0.014519,0.009471,0.007452,0.008798,0.01625,0.015337,0.028798,0.032356,0.323558
0.608659,0.020475,0.009798,0.010384,0.005046,0.00472,0.005241,0.010091,0.015658,0.008724,0.004883,0.004492,0.003646,0.007487,0.010417,0.019206,0.022982,0.228092
0.474084,0.029472,0.014009,0.008998,0.007812,0.008028,0.006196,0.010183,0.019127,0.009375,0.006843,0.007058,0.005873,0.0132,0.01417,0.026455,0.032651,0.306466
0.688291,0.016603,0.008803,0.006154,0.00391,0.004679,0.006132,0.010214,0.015406,0.007692,0.004786,0.003333,0.003568,0.006346,0.00735,0.01515,0.01641,0.175171
0.474397,0.019737,0.011842,0.022368,0.016612,0.016667,0.017325,0.027357,0.047039,0.024945,0.01716,0.014967,0.01239,0.019846,0.012555,0.021162,0.021711,0.201919
0.578888,0.023655,0.01175,0.01148,0.0046,0.004831,0.005179,0.007382,0.012059,0.007421,0.005605,0.004677,0.005179,0.012098,0.013142,0.021104,0.026361,0.244589
0.309643,0.041036,0.018786,0.010857,0.005929,0.005536,0.006107,0.009393,0.016107,0.008286,0.004393,0.004571,0.005679,0.011214,0.019214,0.037679,0.039036,0.446536
0.336875,0.039097,0.01559,0.010278,0.005764,0.006076,0.006111,0.009757,0.014653,0.007222,0.005521,0.004687,0.005243,0.009514,0.01441,0.036979,0.033611,0.438611
0.457146,0.031962,0.012019,0.007152,0.004155,0.003917,0.003799,0.007241,0.01104,0.006321,0.003917,0.00365,0.004452,0.008013,0.013147,0.029054,0.029321,0.363693
0.574181,0.020045,0.011646,0.014328,0.009176,0.009246,0.010411,0.013693,0.023786,0.013799,0.008787,0.008752,0.008682,0.012599,0.010764,0.018139,0.020363,0.211604
0.47678,0.023813,0.016456,0.01697,0.010364,0.011392,0.013054,0.022745,0.040309,0.01962,0.011709,0.010799,0.008782,0.015625,0.013252,0.020174,0.021163,0.246994
0.590163,0.022266,0.011222,0.007955,0.004084,0.005362,0.00554,0.012003,0.022692,0.008807,0.004155,0.00348,0.003587,0.006428,0.009375,0.019815,0.019993,0.243075
0.575951,0.018444,0.012432,0.015557,0.009918,0.009783,0.012738,0.018071,0.028227,0.016372,0.012466,0.010632,0.010054,0.014674,0.010054,0.017221,0.017052,0.190353
0.579135,0.020192,0.013718,0.012212,0.007821,0.008109,0.007917,0.011603,0.018494,0.012019,0.007821,0.006635,0.005737,0.010705,0.011378,0.020224,0.020673,0.225609
0.539444,0.021888,0.012658,0.016614,0.009004,0.008929,0.010586,0.016237,0.026296,0.015936,0.009531,0.008137,0.007309,0.015634,0.012734,0.019816,0.022529,0.226718
0.369076,0.029297,0.014648,0.01556,0.009635,0.010286,0.011784,0.023568,0.036654,0.020117,0.01263,0.009505,0.009115,0.013932,0.016146,0.026953,0.027018,0.344076
0.409219,0.023853,0.014795,0.015801,0.008353,0.009662,0.014191,0.036634,0.046699,0.023551,0.011876,0.010165,0.008857,0.014291,0.014291,0.024859,0.024557,0.288345
0.477322,0.02105,0.01237,0.008572,0.006076,0.008355,0.008464,0.028429,0.03852,0.025825,0.009006,0.006944,0.004123,0.010634,0.010525,0.022352,0.021159,0.280273
0.395536,0.020635,0.012698,0.013988,0.010813,0.01369,0.018948,0.036012,0.060218,0.031448,0.015476,0.012004,0.010615,0.011012,0.011508,0.022321,0.018849,0.284226
0.369076,0.029297,0.014648,0.01556,0.009635,0.010286,0.011784,0.023568,0.036654,0.020117,0.01263,0.009505,0.009115,0.013932,0.016146,0.026953,0.027018,0.344076
0.289117,0.026151,0.015224,0.018357,0.013695,0.020032,0.019595,0.04174,0.073718,0.038826,0.02331,0.016754,0.017701,0.018939,0.016244,0.028846,0.026734,0.295017
0.395536,0.020635,0.012698,0.013988,0.010813,0.01369,0.018948,0.036012,0.060218,0.031448,0.015476,0.012004,0.010615,0.011012,0.011508,0.022321,0.018849,0.284226
0.30459,0.030469,0.017578,0.017578,0.012207,0.013086,0.017578,0.026953,0.035156,0.024219,0.016797,0.01377,0.01123,0.016895,0.01875,0.02832,0.028125,0.366699
0.410889,0.021217,0.013665,0.013449,0.008703,0.010429,0.014025,0.032077,0.052934,0.0292,0.013521,0.009781,0.006041,0.010788,0.011507,0.025604,0.020642,0.295526
0.297565,0.031202,0.019406,0.015887,0.012747,0.012081,0.016267,0.026922,0.041096,0.023497,0.012652,0.011986,0.010274,0.016743,0.015411,0.032344,0.028634,0.375285
0.51727,0.02169,0.007299,0.005037,0.002775,0.002981,0.003084,0.006476,0.008224,0.005037,0.002775,0.002673,0.002981,0.00442,0.007401,0.021896,0.025288,0.352693
0.452669,0.012435,0.00957,0.017057,0.017969,0.022982,0.030534,0.070964,0.091276,0.049479,0.023633,0.016602,0.00931,0.011458,0.005469,0.009701,0.006771,0.142122
0.460457,0.011779,0.011418,0.018389,0.019651,0.023377,0.032873,0.055889,0.080168,0.043389,0.023438,0.01887,0.013642,0.01226,0.00631,0.012019,0.011238,0.144832
0.410547,0.024219,0.016094,0.019453,0.012422,0.015078,0.018594,0.039688,0.064687,0.030547,0.014766,0.011094,0.009297,0.013516,0.009844,0.024688,0.016719,0.24875
0.508544,0.016851,0.0125,0.017959,0.007595,0.011076,0.010601,0.043987,0.050237,0.026978,0.010918,0.007753,0.006725,0.010285,0.011392,0.017405,0.014873,0.21432
0.413048,0.018586,0.013761,0.02023,0.018202,0.017818,0.02489,0.045504,0.067379,0.036458,0.020943,0.01568,0.01261,0.015186,0.009704,0.019079,0.017654,0.213268
0.40239,0.018199,0.008548,0.014063,0.010478,0.012684,0.01921,0.061121,0.109007,0.048989,0.017371,0.011857,0.00818,0.012408,0.009926,0.021691,0.015349,0.198529
0.528188,0.015127,0.011806,0.016308,0.009814,0.012249,0.016012,0.032246,0.050841,0.025605,0.014463,0.011659,0.008633,0.010109,0.009519,0.01461,0.014315,0.198495
0.263067,0.031067,0.016813,0.021473,0.014894,0.015077,0.018001,0.035545,0.05318,0.033717,0.016356,0.014254,0.011787,0.017544,0.016173,0.025402,0.028692,0.366959
0.436959,0.025298,0.01204,0.01062,0.007238,0.010011,0.008929,0.019548,0.029085,0.01691,0.008387,0.008861,0.007576,0.009537,0.013122,0.024892,0.02381,0.327178
0.357196,0.033142,0.021419,0.018209,0.012095,0.012196,0.012162,0.019493,0.033074,0.01652,0.010642,0.010642,0.010473,0.018243,0.018277,0.027061,0.029966,0.339189
0.398438,0.034488,0.015097,0.008939,0.004012,0.006299,0.006898,0.010593,0.017525,0.010628,0.00549,0.004821,0.004892,0.009044,0.012071,0.033045,0.031743,0.38598
0.472711,0.032211,0.014999,0.008359,0.005475,0.004136,0.005038,0.006611,0.011679,0.006466,0.005068,0.004514,0.006,0.013106,0.013979,0.028804,0.031308,0.329538
0.414164,0.02638,0.015799,0.022032,0.016118,0.016987,0.019973,0.029192,0.037106,0.02809,0.019567,0.0149,0.012929,0.017132,0.012494,0.019423,0.021887,0.255827
0.468811,0.022924,0.016578,0.016332,0.011585,0.013061,0.016504,0.020587,0.030106,0.024178,0.01771,0.014143,0.013602,0.01766,0.013036,0.016898,0.019185,0.247098
0.399638,0.03163,0.018116,0.016123,0.010072,0.010942,0.010797,0.013514,0.017283,0.011196,0.009384,0.007971,0.007609,0.013587,0.013768,0.030181,0.032717,0.345471
0.432446,0.023558,0.015549,0.017372,0.013174,0.015024,0.01983,0.029275,0.040682,0.027922,0.016488,0.013561,0.012207,0.015245,0.012152,0.019637,0.02215,0.253728
0.451914,0.028378,0.01616,0.014133,0.006813,0.007686,0.008333,0.011937,0.015315,0.010839,0.008024,0.007658,0.008615,0.01692,0.015625,0.026886,0.033193,0.311571
0.454133,0.029832,0.011876,0.008002,0.005292,0.006426,0.0063,0.009577,0.016035,0.009356,0.006143,0.004788,0.005198,0.008537,0.011876,0.027659,0.029486,0.349483
0.316319,0.023646,0.017396,0.027986,0.024931,0.028542,0.034965,0.042882,0.056771,0.042986,0.031424,0.026111,0.022049,0.022153,0.012569,0.016181,0.021111,0.231979
0.470158,0.030751,0.010153,0.006074,0.003932,0.003052,0.004372,0.007629,0.009712,0.006045,0.003404,0.003052,0.002934,0.004636,0.010593,0.028169,0.029959,0.365376
0.394073,0.03669,0.011988,0.006358,0.003511,0.004302,0.004808,0.006895,0.010849,0.005725,0.004523,0.003669,0.004523,0.008192,0.013443,0.031946,0.034223,0.414284
0.473984,0.02697,0.012531,0.009698,0.007266,0.007266,0.008775,0.011515,0.015394,0.011299,0.008067,0.007482,0.00705,0.008805,0.0129,0.026693,0.030111,0.314193
0.3187,0.028533,0.019767,0.023933,0.020267,0.024767,0.032233,0.0413,0.0486,0.033767,0.0231,0.0205,0.0136,0.017733,0.0123,0.021967,0.0233,0.275633
0.474044,0.029049,0.013229,0.008451,0.005106,0.005106,0.005785,0.010538,0.018084,0.009909,0.006313,0.005156,0.004879,0.009935,0.011846,0.028169,0.027465,0.326937
0.410223,0.025463,0.01783,0.018769,0.01708,0.019582,0.021396,0.026308,0.036005,0.025119,0.020552,0.016829,0.014202,0.016735,0.014233,0.017924,0.020896,0.260855
0.511643,0.026251,0.0124,0.00831,0.005129,0.005519,0.007077,0.011189,0.021836,0.009306,0.006514,0.005107,0.004631,0.008851,0.011924,0.02452,0.023697,0.296096
0.402484,0.026002,0.016947,0.019631,0.013542,0.014183,0.015825,0.020353,0.02492,0.020112,0.016987,0.018029,0.016306,0.020673,0.013982,0.02472,0.028806,0.286498
0.366871,0.03868,0.014729,0.00861,0.004065,0.003365,0.004196,0.006206,0.007823,0.00507,0.004633,0.004196,0.004983,0.012937,0.015297,0.036976,0.047115,0.414248
0.429844,0.023964,0.015881,0.018386,0.015653,0.014543,0.018926,0.031051,0.048583,0.027123,0.017731,0.015113,0.013234,0.017418,0.01164,0.018756,0.017333,0.24482
0.331966,0.014837,0.012235,0.01918,0.022928,0.033003,0.04731,0.074669,0.091843,0.065785,0.036001,0.026631,0.016953,0.014021,0.007143,0.008488,0.009193,0.167813
0.357746,0.022004,0.016216,0.024258,0.022711,0.027638,0.033006,0.040916,0.058126,0.04001,0.028566,0.025141,0.019441,0.022093,0.012747,0.017055,0.020325,0.212001
0.565906,0.017694,0.012405,0.01484,0.011454,0.012043,0.014574,0.017009,0.023269,0.018455,0.014821,0.013128,0.010978,0.013394,0.009989,0.015107,0.018645,0.19629
0.369186,0.032946,0.015946,0.012155,0.010006,0.011565,0.015104,0.018916,0.02393,0.016262,0.011038,0.00851,0.007815,0.01087,0.012765,0.025552,0.024836,0.372599
0.509598,0.022396,0.014162,0.015972,0.012748,0.013368,0.018105,0.022247,0.029291,0.018428,0.01317,0.010094,0.008185,0.012078,0.010094,0.017039,0.018552,0.234474
0.457963,0.032114,0.013349,0.008889,0.005401,0.00571,0.00642,0.009676,0.013117,0.009259,0.006373,0.00534,0.005201,0.008488,0.012855,0.027407,0.029753,0.342685
0.393457,0.016305,0.01095,0.01157,0.013809,0.024019,0.042614,0.071488,0.069043,0.032231,0.016288,0.012121,0.010003,0.013791,0.011622,0.016684,0.014497,0.219508
0.350707,0.031676,0.018007,0.017519,0.012232,0.013938,0.017203,0.024903,0.032481,0.021662,0.016252,0.013207,0.012281,0.015863,0.013158,0.027485,0.030653,0.330775
0.377907,0.015611,0.012889,0.018278,0.021852,0.033815,0.043852,0.055259,0.045167,0.025463,0.015574,0.013389,0.012611,0.015463,0.015315,0.020352,0.020759,0.236444
0.371903,0.023625,0.016587,0.019825,0.016258,0.019731,0.024235,0.037256,0.062312,0.034089,0.021608,0.015484,0.01532,0.016399,0.012716,0.019473,0.020294,0.252886
0.421611,0.012444,0.010417,0.015707,0.018823,0.028514,0.042194,0.06873,0.074087,0.040974,0.024954,0.018081,0.015493,0.01635,0.01073,0.012131,0.013631,0.155129
0.390643,0.029355,0.018038,0.016,0.011173,0.012193,0.014427,0.019987,0.030392,0.017967,0.01314,0.011728,0.010262,0.013712,0.013641,0.024314,0.024492,0.328536
0.447969,0.025087,0.015503,0.012951,0.009306,0.009705,0.011701,0.015295,0.022708,0.014253,0.009358,0.0075,0.00684,0.011441,0.013698,0.025747,0.026875,0.314063
0.354429,0.029631,0.01615,0.011949,0.008644,0.009388,0.010679,0.016106,0.021402,0.013086,0.010329,0.008338,0.006937,0.009979,0.015953,0.030528,0.032563,0.393908
0.418254,0.029698,0.013841,0.009507,0.007081,0.00833,0.008936,0.013003,0.018675,0.014216,0.010203,0.007563,0.006831,0.010649,0.013556,0.02688,0.02861,0.354167
0.371819,0.029183,0.015975,0.015149,0.011537,0.01301,0.016245,0.023523,0.031969,0.021726,0.014448,0.011501,0.008823,0.013244,0.013621,0.02541,0.027386,0.33543
0.367013,0.031435,0.020689,0.018281,0.013937,0.014596,0.017787,0.025342,0.037673,0.023592,0.015213,0.012105,0.012146,0.015296,0.013402,0.023427,0.025259,0.312809
0.455712,0.017479,0.012201,0.012156,0.012844,0.01875,0.02974,0.047069,0.05163,0.028364,0.016821,0.012051,0.010751,0.013935,0.011752,0.015475,0.015625,0.217644
0.422119,0.031061,0.015774,0.012522,0.008453,0.010464,0.011846,0.013182,0.017031,0.011249,0.007934,0.007353,0.007353,0.012412,0.013606,0.026772,0.028029,0.342839
0.40589,0.020354,0.014133,0.015589,0.017135,0.025964,0.032365,0.038334,0.032778,0.016146,0.010968,0.009709,0.010015,0.01309,0.015643,0.022907,0.024525,0.274453
0.340216,0.024723,0.019391,0.026056,0.021278,0.021529,0.023868,0.032294,0.041424,0.02827,0.022938,0.019593,0.017304,0.024145,0.015744,0.023994,0.025352,0.271881
0.370018,0.034023,0.019185,0.013143,0.009009,0.008409,0.009221,0.012012,0.014839,0.010882,0.007843,0.008515,0.009115,0.014203,0.017065,0.032822,0.03579,0.373905
0.439593,0.026402,0.01716,0.016183,0.010324,0.010568,0.01266,0.017299,0.030273,0.020438,0.014474,0.011405,0.010812,0.016113,0.01566,0.023786,0.023472,0.283378
0.517951,0.022778,0.014444,0.012326,0.007396,0.009479,0.010347,0.017743,0.027118,0.016354,0.010069,0.008229,0.008264,0.012847,0.012639,0.021528,0.021181,0.249306
0.5517,0.021283,0.01304,0.012466,0.007267,0.007956,0.009134,0.014562,0.019531,0.012437,0.009249,0.009995,0.008444,0.011862,0.012063,0.019388,0.020738,0.238884
0.362474,0.034995,0.018853,0.012332,0.005617,0.007296,0.008329,0.012138,0.015948,0.009362,0.006134,0.007038,0.007554,0.01117,0.01866,0.033639,0.037126,0.391335
0.380071,0.012738,0.010753,0.023308,0.027065,0.032411,0.042125,0.062133,0.076124,0.056268,0.035007,0.024652,0.015793,0.016343,0.007637,0.011303,0.01118,0.155089
0.359488,0.012633,0.011061,0.01959,0.023134,0.032116,0.046588,0.079744,0.10653,0.06807,0.035341,0.024547,0.014739,0.015112,0.005784,0.008715,0.007809,0.128998
0.408808,0.032928,0.018541,0.012296,0.006877,0.007372,0.008913,0.011636,0.01502,0.010618,0.007537,0.006602,0.008198,0.012186,0.017551,0.027151,0.029572,0.358192
0.463136,0.026456,0.016296,0.014433,0.010905,0.012371,0.013364,0.018382,0.023028,0.017563,0.01165,0.009787,0.008371,0.012743,0.013166,0.021661,0.023375,0.283312
0.433516,0.026594,0.017351,0.018301,0.011861,0.011698,0.013899,0.019088,0.026663,0.018023,0.012764,0.009822,0.009127,0.015173,0.014594,0.022818,0.025065,0.293643
0.254419,0.029426,0.023043,0.024306,0.018483,0.018168,0.024025,0.028479,0.037142,0.027848,0.018168,0.015011,0.015572,0.018589,0.018308,0.027497,0.02883,0.372685
0.412597,0.023638,0.016453,0.019431,0.014294,0.016155,0.022856,0.035289,0.043367,0.026727,0.019059,0.01489,0.012098,0.014853,0.011651,0.015337,0.020176,0.26113
0.374022,0.026328,0.017345,0.017641,0.013194,0.014113,0.016781,0.022326,0.027485,0.020665,0.015892,0.012927,0.01438,0.017048,0.016752,0.02535,0.02784,0.319912
0.396774,0.021846,0.016746,0.024595,0.018229,0.019712,0.025716,0.033492,0.04579,0.028827,0.02105,0.018157,0.014938,0.017831,0.011646,0.018916,0.019423,0.246311
0.426151,0.029904,0.016865,0.015519,0.00966,0.01164,0.011323,0.015783,0.020481,0.014965,0.009264,0.007205,0.007522,0.013144,0.015255,0.025892,0.028875,0.32055
0.315314,0.024964,0.018588,0.022929,0.019307,0.021462,0.027209,0.038943,0.050257,0.033824,0.023348,0.019905,0.017122,0.02248,0.015805,0.02239,0.024455,0.281699
0.360364,0.030559,0.01895,0.01466,0.012395,0.011847,0.013492,0.017377,0.025958,0.017663,0.012228,0.009678,0.010083,0.013539,0.01609,0.026435,0.026864,0.361818
0.42523,0.027098,0.018017,0.021264,0.013678,0.012816,0.015201,0.018276,0.024109,0.01592,0.013362,0.011638,0.013161,0.020086,0.016437,0.022701,0.026408,0.284598
0.372276,0.025005,0.017501,0.020868,0.017475,0.01858,0.020739,0.028629,0.038112,0.025468,0.018478,0.014828,0.014469,0.019069,0.014134,0.021099,0.021382,0.291889
0.339043,0.035168,0.019376,0.01318,0.008382,0.008443,0.008321,0.008321,0.010386,0.007349,0.007106,0.006074,0.00656,0.010204,0.016946,0.036625,0.038265,0.42025
0.50834,0.024714,0.015182,0.013072,0.008851,0.008374,0.010655,0.015285,0.021718,0.014059,0.009327,0.009259,0.007864,0.013583,0.012289,0.020187,0.019336,0.267906
0.475184,0.016738,0.013182,0.020559,0.01964,0.023171,0.030186,0.04032,0.05014,0.033161,0.021841,0.017705,0.013835,0.014101,0.007788,0.012045,0.012239,0.178164
0.403663,0.028528,0.016263,0.011962,0.009039,0.008199,0.008165,0.012231,0.016095,0.011559,0.008233,0.007023,0.006519,0.010249,0.015558,0.028495,0.029603,0.368616
0.497243,0.027762,0.014235,0.011548,0.005562,0.007235,0.006999,0.009945,0.013999,0.008861,0.006646,0.004973,0.00502,0.009922,0.013551,0.02484,0.02557,0.30609
0.485762,0.026586,0.016104,0.010531,0.006456,0.00707,0.006898,0.009868,0.014434,0.008739,0.00626,0.007094,0.005818,0.010089,0.014213,0.026782,0.027396,0.309898
0.514802,0.026562,0.014611,0.013999,0.007242,0.007855,0.008425,0.012627,0.016913,0.009882,0.006947,0.006672,0.006356,0.012584,0.012204,0.021453,0.024557,0.276309
0.368986,0.027685,0.019128,0.021794,0.015625,0.016028,0.020368,0.027096,0.039094,0.02412,0.015873,0.013083,0.011719,0.019066,0.014292,0.021267,0.020616,0.30416
0.476156,0.029034,0.015276,0.010698,0.007393,0.006096,0.006439,0.007197,0.009425,0.007246,0.00612,0.006585,0.006022,0.010527,0.014346,0.026244,0.029328,0.325867
0.494425,0.023775,0.014968,0.01282,0.008026,0.008256,0.009055,0.012908,0.01733,0.011275,0.008239,0.007085,0.006623,0.009109,0.012482,0.023881,0.02255,0.297195
0.427716,0.015267,0.012701,0.019366,0.021001,0.02417,0.034935,0.047862,0.067203,0.046932,0.027264,0.01997,0.015619,0.016046,0.008099,0.01245,0.012726,0.170674
0.500803,0.024046,0.013941,0.008992,0.006737,0.007178,0.006711,0.010054,0.014589,0.009225,0.006297,0.005778,0.007333,0.009095,0.012412,0.025394,0.024254,0.307162
0.380281,0.025198,0.017626,0.02134,0.016927,0.018302,0.019459,0.025391,0.03031,0.02445,0.021171,0.018302,0.015215,0.019338,0.016035,0.020689,0.024788,0.28518
0.473189,0.02619,0.016394,0.013228,0.008404,0.007931,0.008464,0.012251,0.017785,0.010328,0.007221,0.005356,0.005771,0.010032,0.013613,0.025124,0.025746,0.312973
0.527353,0.009154,0.006608,0.01394,0.01607,0.022458,0.033829,0.05767,0.088887,0.049658,0.023029,0.016201,0.010537,0.011064,0.005291,0.006586,0.006213,0.095451
0.420619,0.027366,0.015353,0.012686,0.009735,0.009709,0.012272,0.019237,0.025917,0.017813,0.011107,0.008233,0.007612,0.012997,0.013929,0.025036,0.024907,0.325471
0.527683,0.019867,0.014379,0.014511,0.011877,0.011964,0.013786,0.017716,0.026124,0.017562,0.012294,0.010559,0.00955,0.011745,0.012974,0.018287,0.019999,0.229123
0.403663,0.028528,0.016263,0.011962,0.009039,0.008199,0.008165,0.012231,0.016095,0.011559,0.008233,0.007023,0.006519,0.010249,0.015558,0.028495,0.029603,0.368616
0.428275,0.026654,0.016102,0.0144,0.010281,0.012051,0.011608,0.020799,0.029956,0.016953,0.012459,0.01154,0.008885,0.01314,0.015114,0.023182,0.022842,0.30576
0.420908,0.023421,0.016245,0.016485,0.014698,0.017045,0.02102,0.029263,0.040333,0.028836,0.01982,0.018059,0.014778,0.016565,0.01147,0.018006,0.019793,0.253254
0.404386,0.023054,0.016146,0.020422,0.015269,0.015104,0.016639,0.022177,0.032237,0.020559,0.015817,0.015461,0.014611,0.019627,0.016996,0.024095,0.026069,0.281332
0.383282,0.031677,0.018272,0.014173,0.009221,0.008367,0.008752,0.010459,0.013576,0.010886,0.007428,0.007386,0.009477,0.015625,0.018144,0.030908,0.033,0.369365
0.424578,0.030687,0.017033,0.012669,0.00732,0.00763,0.007658,0.012838,0.019538,0.012218,0.006532,0.006137,0.006447,0.010501,0.017596,0.029195,0.029814,0.34161
0.343373,0.036307,0.018305,0.013172,0.008567,0.008379,0.007246,0.008982,0.013474,0.008416,0.006718,0.00702,0.007435,0.011247,0.016984,0.033816,0.033401,0.417157
0.527235,0.025879,0.013292,0.00651,0.004503,0.003418,0.00434,0.006782,0.009494,0.005208,0.003147,0.003526,0.003798,0.006076,0.01199,0.025228,0.02436,0.315213
0.354186,0.033082,0.01752,0.013943,0.009257,0.009967,0.009853,0.01434,0.018344,0.011415,0.009314,0.00761,0.00744,0.011614,0.015731,0.032485,0.03081,0.393088
0.417467,0.028036,0.015792,0.011017,0.009816,0.008723,0.00979,0.01131,0.018779,0.01019,0.008216,0.006642,0.007202,0.01011,0.016432,0.027876,0.027315,0.355287
0.409121,0.032227,0.016835,0.011213,0.006403,0.006824,0.007035,0.010823,0.013709,0.008838,0.006644,0.006343,0.006163,0.009289,0.015693,0.030814,0.029191,0.372835
0.46737,0.027327,0.018966,0.016423,0.009551,0.008739,0.008387,0.011472,0.01737,0.009686,0.008198,0.008009,0.008442,0.014746,0.017587,0.027083,0.028869,0.291775
0.430907,0.020652,0.015393,0.02106,0.017273,0.015639,0.018581,0.024221,0.034955,0.024112,0.016619,0.015312,0.014712,0.020325,0.014985,0.02166,0.02275,0.250845
0.442463,0.023108,0.017111,0.019618,0.016207,0.018249,0.020601,0.028381,0.037634,0.025357,0.020239,0.020239,0.017344,0.018352,0.013312,0.018016,0.018455,0.225315
0.488025,0.020925,0.015274,0.014479,0.009958,0.010997,0.012066,0.018237,0.023644,0.016954,0.012677,0.010661,0.011486,0.015518,0.01506,0.020436,0.024102,0.2595
0.483017,0.025488,0.017943,0.015502,0.01092,0.010536,0.009822,0.014157,0.021263,0.012264,0.008505,0.00771,0.00749,0.011468,0.013581,0.022717,0.024857,0.282759
0.364814,0.033722,0.017339,0.010516,0.006659,0.006461,0.006791,0.009658,0.020174,0.009988,0.006955,0.005901,0.006296,0.010054,0.017537,0.032898,0.035041,0.399196
0.501525,0.023549,0.016034,0.01276,0.010826,0.010491,0.010231,0.017485,0.025223,0.017708,0.01276,0.010007,0.009301,0.013765,0.012016,0.021354,0.021243,0.25372
0.513426,0.020903,0.014861,0.013958,0.011343,0.010903,0.012199,0.016921,0.024722,0.015069,0.011528,0.009444,0.010046,0.014491,0.012523,0.01919,0.022315,0.246157
0.475734,0.029489,0.013058,0.006631,0.003961,0.004079,0.003492,0.006103,0.012119,0.006221,0.003873,0.00402,0.004842,0.00669,0.014407,0.029284,0.031191,0.344806
0.374102,0.033438,0.019258,0.013789,0.008086,0.007305,0.008984,0.013281,0.025234,0.010977,0.008164,0.006836,0.007422,0.011562,0.016133,0.030547,0.030859,0.374023
0.410939,0.022525,0.015284,0.023148,0.018281,0.022288,0.024662,0.034989,0.051401,0.032348,0.021813,0.018697,0.015848,0.018697,0.013206,0.016263,0.018489,0.221124
0.512771,0.027763,0.013815,0.009484,0.006063,0.005641,0.006708,0.009373,0.016369,0.010483,0.005952,0.004931,0.005242,0.009284,0.012349,0.022699,0.024298,0.296775
0.495537,0.018752,0.014617,0.018711,0.016828,0.017503,0.01998,0.028149,0.035764,0.024709,0.017135,0.014125,0.01216,0.015599,0.011628,0.01519,0.016541,0.207071
0.450127,0.028942,0.017111,0.012176,0.007136,0.007083,0.007746,0.010876,0.013635,0.00963,0.007667,0.006552,0.007322,0.012336,0.014643,0.027297,0.029764,0.329955
0.368173,0.029776,0.019487,0.018205,0.011859,0.011442,0.013494,0.017949,0.026699,0.016314,0.012051,0.009038,0.011442,0.016827,0.016603,0.028974,0.029391,0.342276
0.513554,0.027625,0.014102,0.008346,0.005147,0.004721,0.004325,0.006914,0.01133,0.007249,0.006031,0.006031,0.007188,0.010599,0.014894,0.024092,0.02458,0.303271
0.415994,0.026058,0.018429,0.020833,0.013718,0.014103,0.014968,0.020769,0.025128,0.016699,0.010545,0.008846,0.009647,0.012404,0.01484,0.024519,0.025256,0.307244
0.377193,0.030188,0.021553,0.017852,0.012233,0.011822,0.011787,0.01398,0.022924,0.013809,0.009457,0.007984,0.00908,0.013021,0.018675,0.029365,0.029502,0.349575
0.409933,0.02899,0.019727,0.016797,0.012556,0.014007,0.013895,0.020145,0.029353,0.018499,0.011858,0.010826,0.009905,0.01649,0.016239,0.024023,0.022628,0.304129
0.452133,0.023895,0.015748,0.019329,0.01209,0.012401,0.013958,0.016319,0.019458,0.01471,0.012635,0.012012,0.012713,0.017538,0.015281,0.02335,0.026463,0.279966
0.45847,0.030251,0.015684,0.010456,0.006227,0.006285,0.005698,0.006902,0.011102,0.006843,0.004729,0.004905,0.004817,0.007284,0.014127,0.03034,0.028636,0.347245
0.434963,0.025775,0.017228,0.01469,0.009215,0.010917,0.011919,0.020566,0.032719,0.017394,0.011719,0.009882,0.01045,0.01686,0.017728,0.02484,0.027678,0.285457
0.420491,0.029086,0.016304,0.011977,0.006995,0.007599,0.008454,0.014241,0.02028,0.011725,0.007649,0.006995,0.007146,0.011926,0.014694,0.029136,0.028885,0.346417
0.561589,0.021853,0.011728,0.00998,0.006774,0.007758,0.008814,0.011364,0.017519,0.010307,0.006884,0.00601,0.00652,0.008996,0.011509,0.019886,0.020906,0.251603
0.258777,0.03753,0.023683,0.015512,0.012788,0.014377,0.013469,0.020354,0.024667,0.017479,0.012863,0.011274,0.011501,0.017403,0.018462,0.032234,0.033369,0.424258
0.475583,0.02359,0.014348,0.015571,0.010716,0.011328,0.012694,0.02021,0.029812,0.016614,0.011004,0.01086,0.01104,0.014636,0.011903,0.022691,0.023375,0.264025
0.432766,0.03057,0.016267,0.011835,0.006849,0.00695,0.007504,0.008763,0.011684,0.007252,0.006295,0.006648,0.006749,0.013447,0.015159,0.029009,0.029261,0.352992
0.521291,0.026534,0.014393,0.010945,0.006722,0.007214,0.007249,0.009009,0.020904,0.009502,0.007179,0.00644,0.006968,0.010487,0.013478,0.022839,0.023473,0.275373
0.565962,0.020577,0.013558,0.013141,0.008942,0.010609,0.012083,0.01734,0.020673,0.013269,0.009744,0.008718,0.008173,0.013301,0.011795,0.01734,0.017724,0.217051
0.286445,0.037289,0.021519,0.015928,0.009441,0.008122,0.009599,0.016878,0.024051,0.015823,0.00865,0.007437,0.009705,0.014557,0.02057,0.03539,0.038924,0.419673
0.581408,0.021337,0.014345,0.012441,0.006368,0.006467,0.006893,0.011653,0.016708,0.009618,0.006565,0.006598,0.005941,0.010997,0.01382,0.020319,0.022617,0.225906
0.376866,0.032639,0.017361,0.013151,0.009679,0.009158,0.009679,0.013976,0.016667,0.011415,0.00803,0.008203,0.007509,0.01276,0.016753,0.032292,0.031554,0.372309
0.428149,0.029672,0.014678,0.009904,0.008089,0.007063,0.008286,0.010693,0.017795,0.0116,0.008049,0.006747,0.007615,0.011245,0.015349,0.026397,0.027738,0.350931
0.447421,0.022659,0.01623,0.020952,0.015833,0.01627,0.022024,0.028373,0.035476,0.02496,0.016468,0.014524,0.015119,0.016746,0.012857,0.01881,0.019643,0.235635
0.394043,0.025651,0.017285,0.017904,0.013346,0.012598,0.015332,0.024707,0.034375,0.02168,0.014746,0.011458,0.011849,0.016862,0.016243,0.024674,0.023861,0.303385
0.453976,0.025626,0.015204,0.013656,0.010594,0.010766,0.013209,0.016752,0.025867,0.01658,0.011351,0.009287,0.008806,0.014653,0.014894,0.021464,0.023631,0.293685
0.519267,0.017575,0.013651,0.018539,0.015719,0.01492,0.01781,0.021992,0.034258,0.020489,0.015367,0.013534,0.014074,0.01929,0.012312,0.016823,0.02023,0.194149
0.328171,0.039108,0.01928,0.011467,0.006076,0.009,0.008041,0.015808,0.021427,0.01133,0.006533,0.006442,0.005985,0.009366,0.015762,0.03422,0.034631,0.417352
0.437653,0.022283,0.016674,0.022207,0.017132,0.016751,0.018162,0.021062,0.02732,0.019918,0.015911,0.017208,0.017819,0.020986,0.013965,0.022092,0.023466,0.249389
0.41683,0.02925,0.018314,0.021026,0.012758,0.012358,0.011024,0.01298,0.019515,0.012447,0.010313,0.010268,0.010757,0.017248,0.01747,0.026716,0.029694,0.311033
0.382342,0.031456,0.018101,0.017975,0.009968,0.009905,0.010696,0.013006,0.020348,0.011456,0.009051,0.009557,0.009747,0.017468,0.017595,0.029842,0.031741,0.349747
0.520937,0.019072,0.014777,0.017349,0.011556,0.013449,0.015512,0.021756,0.032324,0.019411,0.015003,0.012602,0.011867,0.017236,0.012432,0.017885,0.020767,0.206064
0.447231,0.024565,0.017168,0.018987,0.011155,0.012777,0.012342,0.016456,0.022824,0.01697,0.012777,0.01163,0.014478,0.020609,0.016139,0.024407,0.028718,0.270767
0.345224,0.038662,0.016789,0.009826,0.005169,0.004742,0.004913,0.008501,0.013371,0.008288,0.005255,0.004144,0.005383,0.011492,0.018797,0.038491,0.038534,0.42242
0.416495,0.030578,0.019581,0.012263,0.009019,0.008386,0.010206,0.012975,0.018631,0.011234,0.009059,0.009217,0.010364,0.016574,0.017089,0.030142,0.032753,0.325435
0.604612,0.011618,0.008244,0.016266,0.015581,0.018653,0.023141,0.028139,0.035253,0.026961,0.019544,0.01695,0.012892,0.013926,0.007178,0.009565,0.010982,0.120496
0.378437,0.032846,0.020719,0.015269,0.008641,0.009967,0.009525,0.0163,0.022732,0.014385,0.010261,0.009476,0.01198,0.017478,0.017969,0.029753,0.036626,0.337637
0.416867,0.021234,0.015625,0.023571,0.017762,0.0211,0.02267,0.03095,0.047342,0.03105,0.021768,0.021735,0.017161,0.021968,0.013221,0.017528,0.021067,0.217381
0.476699,0.029455,0.019135,0.015994,0.009551,0.008558,0.008878,0.011955,0.016763,0.010321,0.008397,0.007179,0.009391,0.012212,0.014551,0.024615,0.025385,0.290962
0.329877,0.02367,0.0187,0.02771,0.019558,0.018807,0.022383,0.028533,0.044515,0.030177,0.022955,0.022204,0.019522,0.026673,0.017377,0.023205,0.027853,0.27628
0.34343,0.025088,0.019126,0.023848,0.020286,0.021407,0.023688,0.033491,0.047575,0.033331,0.025568,0.019566,0.015845,0.022647,0.014365,0.022327,0.022847,0.265565
0.329883,0.027891,0.021875,0.021484,0.013945,0.012773,0.013711,0.020742,0.027813,0.021133,0.016797,0.016602,0.016719,0.025664,0.022109,0.029531,0.034336,0.326992
0.388949,0.022156,0.016053,0.022276,0.017587,0.019481,0.02408,0.031385,0.043621,0.031445,0.02423,0.018789,0.017526,0.022246,0.014069,0.019631,0.020533,0.245942
0.432493,0.02326,0.018928,0.018359,0.013317,0.012571,0.014453,0.02017,0.026776,0.021626,0.015341,0.015234,0.014382,0.020774,0.016122,0.024929,0.027415,0.263849
0.379575,0.03346,0.018766,0.010197,0.00632,0.007212,0.007871,0.013299,0.018921,0.012678,0.007987,0.006436,0.00632,0.009964,0.017641,0.030591,0.030009,0.382754
0.596807,0.015693,0.011005,0.014538,0.009749,0.010326,0.012024,0.016848,0.024253,0.018614,0.012874,0.012534,0.010802,0.014164,0.011243,0.015999,0.015897,0.17663
0.288617,0.035238,0.024118,0.021725,0.012106,0.011027,0.010417,0.015719,0.024352,0.014217,0.009478,0.009337,0.010698,0.020646,0.022053,0.034675,0.04162,0.393956
0.361468,0.034726,0.0194,0.014205,0.007252,0.007028,0.007551,0.013382,0.017905,0.011588,0.006392,0.006093,0.008859,0.013195,0.020185,0.032596,0.036894,0.38128
0.374381,0.029174,0.020105,0.021343,0.015152,0.013185,0.014751,0.018211,0.029283,0.019741,0.014132,0.012711,0.014241,0.0228,0.018794,0.026515,0.028263,0.307219
0.482812,0.027125,0.018344,0.013844,0.008438,0.008812,0.009875,0.014031,0.023875,0.0125,0.008875,0.008937,0.009656,0.013844,0.015625,0.021719,0.024313,0.277375
0.403716,0.015395,0.011402,0.021192,0.020347,0.023841,0.027257,0.041692,0.066569,0.044725,0.030828,0.026144,0.020117,0.021192,0.011671,0.015203,0.017813,0.180897
